

81.19,3,-1,0,0,2025-07-12 15:14:46.573568


76.63,-6,0,0,0,
81.08,4,-1,11,1,
81.08,7,-1,10,0,
81.19,2,-1,-1,0,
81.08,5,0,-1,0,
80.97,4,-1,4,0,
81.19,-3,-2,1,-1,
81.08,2,1,9,2,
80.97,0,0,9,2,
81.19,-4,-2,9,2,
81.08,-1,-2,2,-1,
80.97,2,0,13,0,
81.3,2,-1,12,0,
81.08,1,-1,0,0,
80.97,-5,0,0,0,
81.19,2,-2,1,-1,
81.08,-4,-2,0,0,
80.97,11,0,5,0,
81.19,3,-1,0,0,
81.08,-7,-2,0,0,
80.97,-3,-3,6,0,
81.3,-1,-2,-1,0,
81.08,-1,-2,-1,0,
80.86,-1,-2,-1,0,
81.3,-1,-2,-1,0,
80.97,-1,-2,-1,0,
３：０９
-6,             
4,             
7,             
2,             
5,             
4,             
-3,             
2,             
0,             
-4,             
-1,             
2,             
2,             
1,             
-5,             
2,             
-4,             
11,             
3,             
-7,             
-3,             
-1,             
-1,             
-1,             
1,             
-1            




0,
-1,
-1,
-1,
0,
-1
-2,
1,
0,
-2,
-2,
0,
-1,
-1,
0,
-2,
-2,
0,
-1,
-2,
-3,
-2,
-2,
-2,
2,
-2,
-2,


0,0,0,
-1,11,1,
-1,10,0,
-1,-1,0,
0,-1,0,
-1,4,0,
-2,1,-1,
1,9,2,
0,9,2,
-2,9,2,
-2,2,-1,
0,13,0,
-1,12,0,
-1,0,0,
0,0,0,
-2,1,-1,
-2,0,0,
0,5,0,
-1,0,0,
-2,0,0,
-3,6,0,
-2,-1,0,
-2,-1,0,
-2,-1,0,
2,-1,0,
-2,-1,0,
-2,-1,0,
76.63,
81.08,
81.08,
81.19,
81.08,
80.97,
81.19,
81.08,
80.97,
81.19,
81.08,
80.97,
81.3,
81.08,
80.97,
81.19,
81.08,
80.97,
81.19,
81.08,
80.97,
81.3,
81.08,
80.86,
81.3,
80.97,





81.19,2,-1,-1,0,
81.08,5,0,-1,0,



80.97,0,0,9,2,
81.19,-4,-2,9,2,

81.08,1,-1,0,0,
80.97,-5,0,0,0,

81.08,-4,-2,0,0,
80.97,11,0,5,0,

81.3,-1,-2,-1,0,
81.08,-1,-2,-1,0,
